Heure: 064036.289
Statut: A
Latitude: 48.365375
Longitude: 7.409373
Vitesse: 3.2 nśuds
Route: 200.2 degrés
Date: 120222
